Motyl = Groﻕ 2 1 2 1 2
Lava  =      2 2 2 2
Geist =      2 2 2 2


Diamant 1/8

   0 1 2 3 4 5 6 7
00 0 0 0 2 1 0 0 0
01 0 0 0 3 2 0 0 0
02 0 0 2 1 1 1 0 0
03 0 0 3 1 1 2 0 0
04 0 2 2 2 2 2 1 0
05 0 3 3 3 3 3 2 0
06 2 0 0 0 0 0 0 1
07 3 0 0 0 0 0 0 2
08 2 3 3 3 3 3 3 1
09 3 2 2 2 2 2 2 2
10 0 2 1 1 1 1 1 0
11 0 3 1 1 1 1 2 0
12 0 0 2 2 2 1 0 0
13 0 0 3 3 3 2 0 0
14 0 0 0 3 2 0 0 0
15 0 0 0 3 3 0 0 0

Diamant 2/8

   0 1 2 3 4 5 6 7
00 0 0 0 2 1 0 0 0
01 0 0 0 3 2 0 0 0
02 0 0 2 1 1 1 0 0
03 0 0 3 2 2 2 0 0
04 0 2 3 3 3 3 1 0
05 0 3 0 0 0 0 2 0
06 2 0 0 0 0 0 0 1
07 3 3 3 3 3 3 3 2
08 2 2 2 2 2 2 2 1
09 3 1 1 1 1 1 1 2
10 0 2 1 1 1 1 1 0
11 0 3 2 2 2 2 2 0
12 0 0 2 3 3 1 0 0
13 0 0 3 0 0 2 0 0
14 0 0 0 3 2 0 0 0
15 0 0 0 3 3 0 0 0

Diamant 3/8

   0 1 2 3 4 5 6 7
00 0 0 0 2 1 0 0 0
01 0 0 0 3 2 0 0 0
02 0 0 2 2 2 1 0 0
03 0 0 3 3 3 2 0 0
04 0 2 0 0 0 0 1 0
05 0 3 0 0 0 0 2 0
06 2 3 3 3 3 3 3 1
07 3 2 2 2 2 2 2 2
08 2 1 1 1 1 1 1 1
09 3 1 1 1 1 1 1 2
10 0 2 2 2 2 2 1 0
11 0 3 3 3 3 3 2 0
12 0 0 2 0 0 1 0 0
13 0 0 3 0 0 2 0 0
14 0 0 0 3 2 0 0 0
15 0 0 0 3 3 0 0 0

Diamant 4/8

   0 1 2 3 4 5 6 7
00 0 0 0 2 1 0 0 0
01 0 0 0 3 2 0 0 0
02 0 0 2 3 3 1 0 0
03 0 0 3 0 0 2 0 0
04 0 2 0 0 0 0 1 0
05 0 3 3 3 3 3 2 0
06 2 2 2 2 2 2 2 1
07 3 1 1 1 1 1 1 2
08 2 1 1 1 1 1 1 1
09 3 2 2 2 2 2 2 2
10 0 2 3 3 3 3 1 0
11 0 3 0 0 0 0 2 0
12 0 0 2 0 0 1 0 0
13 0 0 3 3 3 2 0 0
14 0 0 0 3 2 0 0 0
15 0 0 0 3 3 0 0 0

Diamant 5/8

   0 1 2 3 4 5 6 7
00 0 0 0 2 1 0 0 0
01 0 0 0 3 2 0 0 0
02 0 0 2 0 0 1 0 0
03 0 0 3 0 0 2 0 0
04 0 2 3 3 3 3 1 0
05 0 3 2 2 2 2 2 0
06 2 1 1 1 1 1 1 1
07 3 1 1 1 1 1 1 2
08 2 2 2 2 2 2 2 1
09 3 3 3 3 3 3 3 2
10 0 2 0 0 0 0 1 0
11 0 3 0 0 0 0 2 0
12 0 0 2 3 3 1 0 0
13 0 0 3 2 2 2 0 0
14 0 0 0 3 2 0 0 0
15 0 0 0 3 3 0 0 0

Diamant 6/8

   0 1 2 3 4 5 6 7
00 0 0 0 2 1 0 0 0
01 0 0 0 3 2 0 0 0
02 0 0 2 0 0 1 0 0
03 0 0 3 3 3 2 0 0
04 0 2 2 2 2 2 1 0
05 0 3 1 1 1 1 2 0
06 2 1 1 1 1 1 1 1
07 3 2 2 2 2 2 2 2
08 2 3 3 3 3 3 3 1
09 3 0 0 0 0 0 0 2
10 0 2 0 0 0 0 1 0
11 0 3 3 3 3 3 2 0
12 0 0 2 2 2 1 0 0
13 0 0 3 1 1 2 0 0
14 0 0 0 3 2 0 0 0
15 0 0 0 3 3 0 0 0

Diamant 7/8

   0 1 2 3 4 5 6 7
00 0 0 0 2 1 0 0 0
01 0 0 0 3 2 0 0 0
02 0 0 2 3 3 1 0 0
03 0 0 3 2 2 2 0 0
04 0 2 1 1 1 1 1 0
05 0 3 1 1 1 1 2 0
06 2 2 2 2 2 2 2 1
07 3 3 3 3 3 3 3 2
08 2 0 0 0 0 0 0 1
09 3 0 0 0 0 0 0 2
10 0 2 3 3 3 3 1 0
11 0 3 2 2 2 2 2 0
12 0 0 2 1 1 1 0 0
13 0 0 3 1 1 2 0 0
14 0 0 0 3 2 0 0 0
15 0 0 0 3 3 0 0 0

Diamant 8/8

   0 1 2 3 4 5 6 7
00 0 0 0 2 1 0 0 0
01 0 0 0 3 2 0 0 0
02 0 0 2 2 2 1 0 0
03 0 0 3 1 1 2 0 0
04 0 2 1 1 1 1 1 0
05 0 3 2 2 2 2 2 0
06 2 3 3 3 3 3 3 1
07 3 0 0 0 0 0 0 2
08 2 0 0 0 0 0 0 1
09 3 3 3 3 3 3 3 2
10 0 2 2 2 2 2 1 0
11 0 3 1 1 1 1 2 0
12 0 0 2 1 1 1 0 0
13 0 0 3 2 2 2 0 0
14 0 0 0 3 2 0 0 0
15 0 0 0 3 3 0 0 0


   0 1 2 3 4 5 6 7
00
01
02
03
04
05
06
07
08
09
10
11
12
13
14
15
